0ST
220
200
240
200
QWST
240
200
260
200
QWST
260
200
280
200
QWST
280
200
300
200
QWST
300
200
320
200
QWST
320
200
340
200
QWST
340
200
360
200
QWST
360
200
380
200
QWST
380
200
400
200
QWST
400
200
420
200
QWST
420
200
440
200
QWST
440
200
460
200
QWST
460
200
480
200
QWST
480
200
500
200
QWST
500
200
520
200
QWST
520
200
540
200
QWST
540
200
560
200
QWST
560
200
580
200
QWA1ST
210
220
230
220
QWST
230
220
250
220
QWST
250
220
270
220
QWST
270
220
290
220
QWST
290
220
310
220
QWST
310
220
330
220
QWST
330
220
350
220
QWST
350
220
370
220
QWST
370
220
390
220
QWST
390
220
410
220
QWST
410
220
430
220
QWST
430
220
450
220
QWST
450
220
470
220
QWST
470
220
490
220
QWST
490
220
510
220
QWST
510
220
530
220
QWST
530
220
550
220
QWST
550
220
570
220
QWA2ST
200
240
220
240
QWST
220
240
240
210
QWST
240
210
260
240
QWST
260
240
280
240
QWST
280
240
300
240
QWST
300
240
320
210
QWST
320
210
340
210
QWST
340
210
360
240
QWST
360
240
380
240
QWST
380
240
400
240
QWST
400
240
420
210
QWST
420
210
440
210
QWST
440
210
460
210
QWST
460
210
480
210
QWST
480
210
500
210
QWST
500
210
520
240
QWST
520
240
540
240
QWST
540
240
560
240
QWA3ST
190
260
210
260
QWST
210
260
230
230
QWST
230
230
250
230
QWST
250
230
270
260
QWST
270
260
290
260
QWST
290
260
310
230
QWST
310
230
330
230
QWST
330
230
350
260
QWST
350
260
370
260
QWST
370
260
390
260
QWST
390
260
410
260
QWST
410
260
430
260
QWST
430
260
450
260
QWST
450
260
470
260
QWST
470
260
490
230
QWST
490
230
510
230
QWST
510
230
530
260
QWST
530
260
550
260
QWA4ST
180
280
200
280
QWST
200
280
220
250
QWST
220
250
240
250
QWST
240
250
260
280
QWST
260
280
280
280
QWST
280
280
300
250
QWST
300
250
320
250
QWST
320
250
340
280
QWST
340
280
360
280
QWST
360
280
380
280
QWST
380
280
400
280
QWST
400
280
420
280
QWST
420
280
440
280
QWST
440
280
460
280
QWST
460
280
480
250
QWST
480
250
500
250
QWST
500
250
520
280
QWST
520
280
540
280
QWA5ST
170
300
190
300
QWST
190
300
210
270
QWST
210
270
230
270
QWST
230
270
250
270
QWST
250
270
270
270
QWST
270
270
290
270
QWST
290
270
310
270
QWST
310
270
330
300
QWST
330
300
350
300
QWST
350
300
370
300
QWST
370
300
390
300
QWST
390
300
410
270
QWST
410
270
430
270
QWST
430
270
450
270
QWST
450
270
470
270
QWST
470
270
490
300
QWST
490
300
510
300
QWST
510
300
530
300
QWA6ST
160
320
180
320
QWST
180
320
200
320
QWST
200
320
220
290
QWST
220
290
240
290
QWST
240
290
260
290
QWST
260
290
280
290
QWST
280
290
300
290
QWST
300
290
320
320
QWST
320
320
340
320
QWST
340
320
360
320
QWST
360
320
380
290
QWST
380
290
400
290
QWST
400
290
420
320
QWST
420
320
440
320
QWST
440
320
460
320
QWST
460
320
480
320
QWST
480
320
500
320
QWST
500
320
520
320
QWA7ST
150
340
170
340
QWST
170
340
190
340
QWST
190
340
210
340
QWST
210
340
230
340
QWST
230
340
250
340
QWST
250
340
270
310
QWST
270
310
290
310
QWST
290
310
310
340
QWST
310
340
330
340
QWST
330
340
350
340
QWST
350
340
370
310
QWST
370
310
390
310
QWST
390
310
410
340
QWST
410
340
430
340
QWST
430
340
450
340
QWST
450
340
470
340
QWST
470
340
490
340
QWST
490
340
510
340
QWA8ST
140
360
160
360
QWST
160
360
180
360
QWST
180
360
200
360
QWST
200
360
220
360
QWST
220
360
240
360
QWST
240
360
260
330
QWST
260
330
280
330
QWST
280
330
300
360
QWST
300
360
320
360
QWST
320
360
340
360
QWST
340
360
360
330
QWST
360
330
380
330
QWST
380
330
400
330
QWST
400
330
420
330
QWST
420
330
440
330
QWST
440
330
460
330
QWST
460
330
480
360
QWST
480
360
500
360
QWA9ST
130
380
150
380
QWST
150
380
170
380
QWST
170
380
190
380
QWST
190
380
210
380
QWST
210
380
230
380
QWST
230
380
250
380
QWST
250
380
270
380
QWST
270
380
290
380
QWST
290
380
310
380
QWST
310
380
330
380
QWST
330
380
350
380
QWST
350
380
370
380
QWST
370
380
390
380
QWST
390
380
410
380
QWST
410
380
430
380
QWST
430
380
450
380
QWST
450
380
470
380
QWST
470
380
490
380
QWA10ST
120
400
140
400
QWST
140
400
160
400
QWST
160
400
180
400
QWST
180
400
200
400
QWST
200
400
220
400
QWST
220
400
240
400
QWST
240
400
260
400
QWST
260
400
280
400
QWST
280
400
300
400
QWST
300
400
320
400
QWST
320
400
340
400
QWST
340
400
360
400
QWST
360
400
380
400
QWST
380
400
400
400
QWST
400
400
420
400
QWST
420
400
440
400
QWST
440
400
460
400
QWST
460
400
480
400
QWA
